0.182205446488;-0.0373987051691
0.364410892976;-0.0538451754816
0.546616339464;-0.0530650228544
0.728821785952;-0.0382851222906
0.91102723244;-0.0122297106458
1.09323267893;0.0228367855248
1.27543812542;0.0650501069828
1.4576435719;0.112884496809
1.63984901839;0.165095721616
1.82205446488;0.220671292536
2.00425991137;0.278788321486
2.18646535786;0.33877849846
2.36867080434;0.400099310151
2.55087625083;0.462310544437
2.73308169732;0.525055182376
2.91528714381;0.588043888491
3.0974925903;0.651042431129
3.27969803678;0.713861479152
3.46190348327;0.776348321946
3.64410892976;0.838380144844
3.82631437625;0.89985856253
4.00851982274;0.960705170355
4.19072526922;1.02085792006
4.37293071571;1.08026816383
4.5551361622;1.13889824071
4.73734160869;1.19671950369
4.91954705518;1.25371070528
5.10175250167;1.30985667483
5.28395794815;1.36514723381
5.46616339464;1.41957630515
5.64836884113;1.47314118112
5.83057428762;1.52584192084
6.01277973411;1.57768085385
6.19498518059;1.62866217054
6.37719062708;1.6787915839
6.55939607357;1.72807604973
6.74160152006;1.77652353486
6.92380696655;1.82414282504
7.10601241303;1.87094336525
7.28821785952;1.91693512695
7.47042330601;1.96212849755
7.6526287525;2.00653418806
7.83483419899;2.05016315612
8.01703964547;2.09302654146
8.19924509196;2.13513561191
8.38145053845;2.17650171814
8.56365598494;2.21713625553
8.74586143143;2.2570506323
8.92806687791;2.29625624254
9.1102723244;2.3347644436
9.29247777089;2.37258653705
9.47468321738;2.40973375262
9.65688866387;2.44621723478
9.83909411035;2.48204803136
10.0212995568;2.51723708411
10.2035050033;2.55179522078
10.3857104498;2.58573314852
10.5679158963;2.61906144848
10.7501213428;2.65179057132
10.9323267893;2.68393083359
11.1145322358;2.71549241488
11.2967376823;2.74648535552
11.4789431287;2.77691955489
11.6611485752;2.80680477016
11.8433540217;2.83615061546
12.0255594682;2.86496656139
12.2077649147;2.89326193489
12.3899703612;2.92104591929
12.5721758077;2.9483275547
12.7543812542;2.97511573851
12.9365867007;3.00141922616
13.1187921471;3.027246632
13.3009975936;3.05260643032
13.4832030401;3.0775069565
13.6654084866;3.10195640822
13.8476139331;3.12596284684
14.0298193796;3.14953419879
14.2120248261;3.17267825704
14.3942302726;3.19540268266
14.576435719;3.21771500637
14.7586411655;3.23962263023
14.940846612;3.2611328292
15.1230520585;3.28225275291
15.305257505;3.30298942733
15.4874629515;3.3233497565
15.669668398;3.34334052427
15.8518738445;3.36296839602
16.0340792909;3.38223992047
16.2162847374;3.40116153135
16.3984901839;3.41973954922
16.5806956304;3.43798018318
16.7629010769;3.45588953262
16.9451065234;3.47347358895
17.1273119699;3.49073823732
17.3095174164;3.50768925833
17.4917228629;3.52433232976
17.6739283093;3.5406730282
17.8561337558;3.55671683074
18.0383392023;3.57246911664
18.2205446488;3.58793516895
18.4027500953;3.60312017614
18.5849555418;3.61802923365
18.7671609883;3.63266734554
18.9493664348;3.64703942602
19.1315718812;3.66115030095
19.3137773277;3.67500470944
19.4959827742;3.68860730527
19.6781882207;3.70196265841
19.8603936672;3.71507525649
20.0425991137;3.7279495062
20.2248045602;3.74058973473
20.4070100067;3.75300019114
20.5892154531;3.76518504776
20.7714208996;3.77714840155
20.9536263461;3.78889427537
21.1358317926;3.80042661938
21.3180372391;3.81174931224
21.5002426856;3.82286616244
21.6824481321;3.83378090954
21.8646535786;3.84449722536
22.0468590251;3.85501871523
22.2290644715;3.86534891915
22.411269918;3.87549131299
22.5934753645;3.88544930958
22.775680811;3.89522625992
22.9578862575;3.90482545421
23.140091704;3.91425012299
23.3222971505;3.92350343819
23.504502597;3.93258851422
23.6867080434;3.94150840894
23.8689134899;3.95026612474
24.0511189364;3.9588646095
24.2333243829;3.9673067576
24.4155298294;3.97559541086
24.5977352759;3.98373335953
24.7799407224;3.99172334314
24.9621461689;3.99956805153
25.1443516153;4.00727012564
25.3265570618;4.01483215847
25.5087625083;4.0222566959
25.6909679548;4.02954623759
25.8731734013;4.03670323774
26.0553788478;4.04373010601
26.2375842943;4.05062920826
26.4197897408;4.05740286735
26.6019951873;4.06405336393
26.7842006337;4.07058293724
26.9664060802;4.07699378579
27.1486115267;4.08328806814
27.3308169732;4.08946790364
27.5130224197;4.09553537311
27.6952278662;4.10149251953
27.8774333127;4.10734134878
28.0596387592;4.11308383026
28.2418442056;4.11872189759
28.4240496521;4.12425744921
28.6062550986;4.12969234907
28.7884605451;4.13502842725
28.9706659916;4.14026748054
29.1528714381;4.14541127307
29.3350768846;4.15046153691
29.5172823311;4.15541997263
29.6994877776;4.16028824989
29.881693224;4.16506800799
30.0638986705;4.16976085644
30.246104117;4.17436837547
30.4283095635;4.17889211659
30.61051501;4.18333360312
30.7927204565;4.18769433064
30.974925903;4.19197576758
31.1571313495;4.19617935566
31.3393367959;4.20030651038
31.5215422424;4.2043586215
31.7037476889;4.20833705353
31.8859531354;4.21224314616
32.0681585819;4.21607821472
32.2503640284;4.21984355063
32.4325694749;4.22354042182
32.6147749214;4.22717007318
32.7969803678;4.23073372696
32.9791858143;4.23423258317
33.1613912608;4.23766782003
33.3435967073;4.24104059432
33.5258021538;4.24435204178
33.7080076003;4.24760327752
33.8902130468;4.25079539636
34.0724184933;4.25392947321
34.2546239398;4.25700656345
34.4368293862;4.26002770327
34.6190348327;4.26299390999
34.8012402792;4.26590618247
34.9834457257;4.26876550138
35.1656511722;4.27157282958
35.3478566187;4.27432911241
35.5300620652;4.27703527803
35.7122675117;4.27969223771
35.8944729581;4.28230088615
36.0766784046;4.28486210181
36.2588838511;4.28737674714
36.4410892976;4.28984566893
36.6232947441;4.29226969858
36.8055001906;4.29464965234
36.9877056371;4.29698633164
37.1699110836;4.29928052336
37.35211653;4.30153300002
37.5343219765;4.30374452014
37.716527423;4.30591582843
37.8987328695;4.30804765604
38.080938316;4.31014072087
38.2631437625;4.31219572772
38.445349209;4.3142133686
38.6275546555;4.31619432295
38.809760102;4.31813925781
38.9919655484;4.32004882814
39.1741709949;4.32192367696
39.3563764414;4.32376443562
39.5385818879;4.32557172397
39.7207873344;4.32734615059
39.9029927809;4.32908831302
40.0851982274;4.3307987979
40.2674036739;4.33247818124
40.4496091203;4.33412702854
40.6318145668;4.33574589503
40.8140200133;4.33733532587
40.9962254598;4.33889585627
41.1784309063;4.34042801172
41.3606363528;4.34193230818
41.5428417993;4.34340925218
41.7250472458;4.34485934109
41.9072526922;4.3462830632
42.0894581387;4.34768089794
42.2716635852;4.34905331602
42.4538690317;4.35040077959
42.6360744782;4.35172374238
42.8182799247;4.3530226499
43.0004853712;4.35429793955
43.1826908177;4.35555004075
43.3648962642;4.35677937516
43.5471017106;4.35798635672
43.7293071571;4.35917139188
43.9115126036;4.3603348797
44.0937180501;4.36147721196
44.2759234966;4.36259877333
44.4581289431;4.36369994149
44.6403343896;4.36478108725
44.8225398361;4.36584257466
45.0047452825;4.36688476119
45.186950729;4.36790799776
45.3691561755;4.36891262895
45.551361622;4.36989899306
45.7335670685;4.37086742223
45.915772515;4.37181824258
46.0979779615;4.37275177428
46.280183408;4.37366833169
46.4623888544;4.37456822345
46.6445943009;4.3754517526
46.8267997474;4.37631921664
47.0090051939;4.3771709077
47.1912106404;4.37800711256
47.3734160869;4.37882811282
47.5556215334;4.37963418494
47.7378269799;4.38042560035
47.9200324264;4.38120262556
48.1022378728;4.38196552221
48.2844433193;4.38271454721
48.4666487658;4.38344995279
48.6488542123;4.38417198658
48.8310596588;4.38488089173
49.0132651053;4.38557690694
49.1954705518;4.3862602666
49.3776759983;4.38693120082
49.5598814447;4.38758993553
49.7420868912;4.38823669255
49.9242923377;4.38887168967
50.1064977842;4.38949514072
