0.182205446488;-0.0747974103383
0.364410892976;-0.107690350963
0.546616339464;-0.106130045709
0.728821785952;-0.0765702445811
0.91102723244;-0.0244594212917
1.09323267893;0.0456735710496
1.27543812542;0.130100213966
1.4576435719;0.225768993617
1.63984901839;0.330191443232
1.82205446488;0.441342585071
2.00425991137;0.557576642972
2.18646535786;0.67755699692
2.36867080434;0.800198620303
2.55087625083;0.924621088874
2.73308169732;1.05011036475
2.91528714381;1.17608777698
3.0974925903;1.30208486226
3.27969803678;1.4277229583
3.46190348327;1.55269664389
3.64410892976;1.67676028969
3.82631437625;1.79971712506
4.00851982274;1.92141034071
4.19072526922;2.04171584013
4.37293071571;2.16053632767
4.5551361622;2.27779648141
4.73734160869;2.39343900738
4.91954705518;2.50742141056
5.10175250167;2.61971334967
5.28395794815;2.73029446763
5.46616339464;2.8391526103
5.64836884113;2.94628236224
5.83057428762;3.05168384169
6.01277973411;3.15536170769
6.19498518059;3.25732434107
6.37719062708;3.3575831678
6.55939607357;3.45615209945
6.74160152006;3.55304706973
6.92380696655;3.64828565008
7.10601241303;3.74188673049
7.28821785952;3.83387025391
7.47042330601;3.92425699509
7.6526287525;4.01306837612
7.83483419899;4.10032631224
8.01703964547;4.18605308291
8.19924509196;4.27027122383
8.38145053845;4.35300343627
8.56365598494;4.43427251107
8.74586143143;4.51410126461
8.92806687791;4.59251248508
9.1102723244;4.6695288872
9.29247777089;4.74517307409
9.47468321738;4.81946750524
9.65688866387;4.89243446956
9.83909411035;4.96409606272
10.0212995568;5.03447416822
10.2035050033;5.10359044156
10.3857104498;5.17146629705
10.5679158963;5.23812289697
10.7501213428;5.30358114264
10.9323267893;5.36786166718
11.1145322358;5.43098482976
11.2967376823;5.49297071104
11.4789431287;5.55383910979
11.6611485752;5.61360954032
11.8433540217;5.67230123092
12.0255594682;5.72993312279
12.2077649147;5.78652386978
12.3899703612;5.84209183859
12.5721758077;5.89665510939
12.7543812542;5.95023147701
12.9365867007;6.00283845231
13.1187921471;6.054493264
13.3009975936;6.10521286064
13.4832030401;6.155013913
13.6654084866;6.20391281644
13.8476139331;6.25192569368
14.0298193796;6.29906839758
14.2120248261;6.34535651408
14.3942302726;6.39080536531
14.576435719;6.43543001275
14.7586411655;6.47924526046
14.940846612;6.5222656584
15.1230520585;6.56450550582
15.305257505;6.60597885466
15.4874629515;6.646699513
15.669668398;6.68668104853
15.8518738445;6.72593679204
16.0340792909;6.76447984093
16.2162847374;6.8023230627
16.3984901839;6.83947909844
16.5806956304;6.87596036636
16.7629010769;6.91177906524
16.9451065234;6.94694717789
17.1273119699;6.98147647463
17.3095174164;7.01537851667
17.4917228629;7.04866465953
17.6739283093;7.0813460564
17.8561337558;7.11343366147
18.0383392023;7.14493823328
18.2205446488;7.17587033791
18.4027500953;7.20624035227
18.5849555418;7.2360584673
18.7671609883;7.26533469109
18.9493664348;7.29407885204
19.1315718812;7.32230060191
19.3137773277;7.35000941888
19.4959827742;7.37721461053
19.6781882207;7.40392531682
19.8603936672;7.43015051299
20.0425991137;7.45589901241
20.2248045602;7.48117946945
20.4070100067;7.50600038227
20.5892154531;7.53037009552
20.7714208996;7.55429680309
20.9536263461;7.57778855074
21.1358317926;7.60085323875
21.3180372391;7.62349862447
21.5002426856;7.64573232489
21.6824481321;7.66756181908
21.8646535786;7.68899445072
22.0468590251;7.71003743046
22.2290644715;7.7306978383
22.411269918;7.75098262597
22.5934753645;7.77089861916
22.775680811;7.79045251984
22.9578862575;7.80965090841
23.140091704;7.82850024597
23.3222971505;7.84700687639
23.504502597;7.86517702844
23.6867080434;7.88301681788
23.8689134899;7.90053224948
24.0511189364;7.917729219
24.2333243829;7.9346135152
24.4155298294;7.95119082173
24.5977352759;7.96746671905
24.7799407224;7.98344668628
24.9621461689;7.99913610306
25.1443516153;8.01454025128
25.3265570618;8.02966431694
25.5087625083;8.04451339181
25.6909679548;8.05909247517
25.8731734013;8.07340647549
26.0553788478;8.08746021203
26.2375842943;8.10125841652
26.4197897408;8.11480573469
26.6019951873;8.12810672787
26.7842006337;8.14116587448
26.9664060802;8.15398757157
27.1486115267;8.16657613628
27.3308169732;8.17893580728
27.5130224197;8.19107074621
27.6952278662;8.20298503906
27.8774333127;8.21468269756
28.0596387592;8.22616766053
28.2418442056;8.23744379517
28.4240496521;8.24851489841
28.6062550986;8.25938469815
28.7884605451;8.2700568545
28.9706659916;8.28053496108
29.1528714381;8.29082254614
29.3350768846;8.30092307382
29.5172823311;8.31083994525
29.6994877776;8.32057649977
29.881693224;8.33013601598
30.0638986705;8.33952171287
30.246104117;8.34873675093
30.4283095635;8.35778423319
30.61051501;8.36666720623
30.7927204565;8.37538866128
30.974925903;8.38395153517
31.1571313495;8.39235871132
31.3393367959;8.40061302076
31.5215422424;8.40871724301
31.7037476889;8.41667410707
31.8859531354;8.42448629233
32.0681585819;8.43215642945
32.2503640284;8.43968710126
32.4325694749;8.44708084365
32.6147749214;8.45434014637
32.7969803678;8.46146745391
32.9791858143;8.46846516634
33.1613912608;8.47533564006
33.3435967073;8.48208118863
33.5258021538;8.48870408356
33.7080076003;8.49520655504
33.8902130468;8.50159079272
34.0724184933;8.50785894642
34.2546239398;8.51401312691
34.4368293862;8.52005540653
34.6190348327;8.52598781998
34.8012402792;8.53181236493
34.9834457257;8.53753100276
35.1656511722;8.54314565916
35.3478566187;8.54865822483
35.5300620652;8.55407055606
35.7122675117;8.55938447541
35.8944729581;8.56460177231
36.0766784046;8.56972420362
36.2588838511;8.57475349428
36.4410892976;8.57969133787
36.6232947441;8.58453939715
36.8055001906;8.58929930467
36.9877056371;8.59397266329
37.1699110836;8.59856104671
37.35211653;8.60306600004
37.5343219765;8.60748904028
37.716527423;8.61183165685
37.8987328695;8.61609531208
38.080938316;8.62028144173
38.2631437625;8.62439145544
38.445349209;8.62842673721
38.6275546555;8.63238864589
38.809760102;8.63627851562
38.9919655484;8.64009765628
39.1741709949;8.64384735393
39.3563764414;8.64752887124
39.5385818879;8.65114344793
39.7207873344;8.65469230119
39.9029927809;8.65817662604
40.0851982274;8.66159759581
40.2674036739;8.66495636248
40.4496091203;8.66825405707
40.6318145668;8.67149179007
40.8140200133;8.67467065174
40.9962254598;8.67779171254
41.1784309063;8.68085602345
41.3606363528;8.68386461635
41.5428417993;8.68681850436
41.7250472458;8.68971868218
41.9072526922;8.6925661264
42.0894581387;8.69536179588
42.2716635852;8.69810663204
42.4538690317;8.70080155917
42.6360744782;8.70344748476
42.8182799247;8.70604529981
43.0004853712;8.7085958791
43.1826908177;8.71110008151
43.3648962642;8.71355875031
43.5471017106;8.71597271344
43.7293071571;8.71834278377
43.9115126036;8.7206697594
44.0937180501;8.72295442392
44.2759234966;8.72519754667
44.4581289431;8.72739988299
44.6403343896;8.7295621745
44.8225398361;8.73168514933
45.0047452825;8.73376952237
45.186950729;8.73581599552
45.3691561755;8.7378252579
45.551361622;8.73979798612
45.7335670685;8.74173484447
45.915772515;8.74363648516
46.0979779615;8.74550354856
46.280183408;8.74733666338
46.4623888544;8.7491364469
46.6445943009;8.75090350519
46.8267997474;8.75263843328
47.0090051939;8.7543418154
47.1912106404;8.75601422513
47.3734160869;8.75765622565
47.5556215334;8.75926836988
47.7378269799;8.7608512007
47.9200324264;8.76240525111
48.1022378728;8.76393104442
48.2844433193;8.76542909443
48.4666487658;8.76689990558
48.6488542123;8.76834397317
48.8310596588;8.76976178345
49.0132651053;8.77115381388
49.1954705518;8.7725205332
49.3776759983;8.77386240164
49.5598814447;8.77517987105
49.7420868912;8.77647338509
49.9242923377;8.77774337933
50.1064977842;8.77899028144
